2052468835
5250014248
3460735952
1866359560
2548689787
3833635602
2103413600
1838157990
2470980902
1780244133
1312135733
1427871084
2278086494
3981009895
2497841593
3494575177
2186347182
1844193941
1943271217
3032098310
1670800612
1714189083
1765802912
2342421682
2033555124
3937669561
1817306170
5339597839
1648402955
5718298764
1892262952
3432082970
2129848124
3170376270
2452538750
5314478670
3087508225
1794913817
5105497127
2668547577
2048288433
1765615274
2048288433
3951825730
3217921000
3831737795
5106286401
1597449270
1882493543
1845124102
3138528971
5118161994
5643631562
5071218787
1850937974
2137037404
2758612402
1980653083
5440890780
3515399115
1803687392
2335372697
2151695840
5137756443
5193667761
3097784795
1672323912
2856288440
5372350389
5534016516
1782675583
5332756284
2133050291
1744373583
5238280350
3197218624
3201005534
5680764311
2499670043
2351822563
1794795432
1350392482
2607676145
5147035265
2649032332
1703920790
2649032332
2122575435
2267681593
5745596901
5238905491
5839619916
5844425235
2532602144
1770754950
2795876057
2366163354
2905361143
1768500947
1807148453
5285463687
5200513120
1811430744
1775251797
5075816607
5704381467
2938369825
5517588663
2394994785
2381985810
2670872795
1584277967
2660197997
2148056262
2644160831
5415878683
1517316855
1416690180
1692242277
1783580817
3292060265
3803566778
5236492078
1833411050
5236492078
2420677405
2443302863
2885769673
5489941248
2647092907
1997921311
5061348711
5690959387
2203703554
5710138217
2126066882
2905122137
1595876193
5738593944
1343157913
1903934820
5113949198
2205240812
5855505409
2587671075
5336833245
5242376155
5491337214
2640499741
1809699431
2576800973
2714618954
1765812164
5336035853
5024437313
1935225043
1827961750
2633510505
5664205817
3882678266
2900955091
1287463264
1782378611
5887908961
3226306907
1863111471
2270697041
1759031401
3020445187
2113609484
3268519412
5728572294
3173485034
1358753524
2104023672
1865817307
3216812943
1846998014
1057762004
2499757840
2567925631
5120220497
5404142588
1687823452
2249226603
2516099542
3206703233
2562339027
2407404471
1604199354
5299592680
1215304413
5697576278
2607066843
1131160305
2562187621
3689508694
2817147070
5623121355
3075935873
2186443081
5137573848
2671144853
2269832585
1306064287
2150728001
2343087991
3736554384
2325374190
3516858650
2093335105
3046201934
2365732320
1321555413
1850960572
2785375532
2908781065
3046201934
1849544181
2034903171
1105417330
1829474303
5582539282
2967162713
5043220744
2301997604
2188794092
1804430103
5537825383
1807726300
2187764973
2612371857
3147255114
5277157088
5034242616
2678163283
2146390785
5853876840
2136355027
1808926210
5018931022
1917721725
5828562961
3190428060
5620834999
3193088205
2197373610
2386637800
1568011534
5503893907
1865340304
3070771191
1670414193
3699647207
5135566474
3877682865
3568211950
5793974062
3877682865
3810431343
3303045061
2616523033
3142998263
5762980042
1870948152
5147473473
3226611295
5021194157
2895380524
5666957775
3567083632
1895552742
1845124102
1218508572
2895380524
1852795884
2319079053
5628938021
2157206700
1908367560
3148323894
1908367560
5317652926
2465232013
2671819351
2936955407
2700647340
2009758051
1986054093
3127398643
5642103827
5099199578