2597929895
1878814557
2412915085
2892969515
3959691612
3887889732
5119014751
3166889863
3036588554
2690656684
3101905297
1800050152
5132668703
3948318211
2317142395
2771742193
2618691467
3079525077
2660708593
5587640564
3079525077
2660708593
5587640564
2723974417
5490483152
2489533973
5258244570
5453932867
3177228775
2654277121
3902210248
2648392577
3938554553
3548632317
2682970493
2332811511
5258170427
3275282755
2704496177
1896435363
2776533905
1782551221
3894789660
5343868102
3380145420
2879707393
5089567789
1929669987
3869440204
3650179990
2850486107
3829320636
3591999577
2599896331
2893897781
2390348575
2668191310
2269059032
2930938825
2826932925
2826932925
3269652950
3249636475
3895073667
2605394337
3775050661
2618755631
3554820947
1890563470
5167663847
5186403555
2762414561
2334274695
2144204685
2447641013
2721661150
3971793572
2285717287
3059107977
5075119890
3953897536
3103023957
3215876402
5023325196
2477447673
2463239473
2332659865
2664089823
1780695797
3867479885
2662482857
1933818783
2800771155
3116655031
2949254017
2661169395
5494032680
3627609730
5256937627
5256515234
2563023944
5486656789
3608803364
3636216985
5648846892
2847646035
3288707287
2045675235
5050358693
2964812877
2566229175
5256814830
2111874327
2843299293
2882469763
1618855904
3138252247
5027015514
3304285005
2037589415
2037589415
3029253194
3035322771
5020326420
2905729553
1810541177
3305022394
3320897925
2879141917
3204849761
3966912426
2183712564
1944202233
5258930346
3942295663
1681918884
2742231103
3769302553
1682541354
2698957304
1910880713
1779337071
1764114027
5024175173
5117182744
3217586111
3316116757
2576523943
3772639814
2901611991
3180658582
3315660363
3920725671
5469065089
2874198955
2437905473
2871529522
1799802635
5319540216
2687921190
2687921190
3732511965
1723741625
3751460723
3220592810
5139805419
2087795583
1727929083
2455732107
3099492410
1040552887
3622008042
1955792601
3158113360
5256471997
2192079940
2307232732
5257110384
1353551964
3940558452
1956495650
2325793161
2395894105
2925830867
2551632145
5023317948
5497016432
3971458632
3720844701
2639955287
2753184093
3294406821
2598169781
2593829051
2552643931
3436880910
5414196809
2159981493
2608159475
2241208937
2241208937
3467161390
3223089543
5639536308
5737746378
5492064717
1819199280
3134637887
2230480365
3525411790
1759564317
3941488763
3311085007
3988620291
2850480867
2930140805
5409059310
3975675232
1787699893
3760561345
3760561345
2610412072
2842462047
2528084945
5085386630
2636078331
3099540741
1011958091
2483442520
5548325043
2310598165
2887490453
3214283834
2307639613
3885382983
1950579202
5019969870
1822578830
3701554205
5378850821
5378850821
2826680793
3563402975
2890046813
1794529973
2921194645
3522703711
5237432826
2628750383
5448794202
1737102012
5103172689
3962554018
3195695560
1914550293
5146443899
5035074486
3913851558
3509540273
2702423037
3509540273
2702423037
3803546740
2506306885
5475542933
3858673531
1883966601
3196748560
2533120843
2632489137
3859683652
3307737325
2178150323
2901226862
3121482740
3228919573
2694348235
2434859947
2876131981
3426990472
2767838715
2770748555
3098457837
5128312622
5089958856
2668247281
3484960445
2875662101
2612014195
3904133461
3045901030
5090539829
1557532782
2664040644
2968131394
2889011943
3165755707
3871171731
2396370447
2249095100
2249095100
5185237377
3031524303
3197293345
3259456083
2053669455
1012318320
2636063187
2913237485
2530147925
2906840581
5528373428
3084196227
5128208266
3052732014
2993975847
2314824541
1791459590
2345024175
3352485214
2345024175
3352485214
3195179164
3584521674
3772179330
5149140715
5496217706
2077241255
2354824485
3146779721
2326276944
3110016623
2324612737
1821843522
1911957315
3032598825
3139943591
1614182647
3273362730
2705571335
2705571335
2922167471
2095980317
1886681791
1955495325
1600671761
3301595375
2952170097
3120653757
3596561793
2879936657
3304256620
5165070377
2095431237
1030898422
3916850541
1951677441
3971739944
1959602515
3803283921
1926879712
2621858957
5023631541
5256473385
5651316606
2934437055
3167509094
2352535823
2936126053
3312143935
2683443265
1766460023
3026734415
2883489543
2703705254
2644399855
2723619685
2320682377
2810943077
2253191085
2810943077
2253191085
3298022794
3887062193
2729014353
5258778528
1973146561
5021359468
3265466791
2102959683
3496668974
2467411591
3261742002
1887293034
3283149805
2145320841
2197835345
2656122965
1111141102
5087321961
1111141102
5087321961
2835480707
3290715005
5274872304
2736406627
2433925635
3796604302
2901814625
2390460573
2380721565
1672554522
2942926932
3123292534
3613023842
3645485120
2503762577
2379742527
5210328888
5022622281
5210328888
5022622281
1979789931
2659461475
5108144163
2594606195
3443240100
2961718644
2822929531
2669733500
5258660528
3883442182
2407723287
2730429791
3444897040
3107372365
1806857742
2986410543
2550463957
1943254147
1943254147
5221263515
3866225181
1159155047
3215596212
3635888704
2408030481
3274724415
3980584072
3802717828
2914451163
5286888952
1812777247
5721984656
3823058665
5575247764
3196815821
3151090884
5374275387
5026758719
3351816110
1015655372
5508535756
1829870411
1816631262
2313198825
1741723604
3656082655
2793153764
5139832581
2465612203
2051114227
5014969064
2889834341
2749689463
1847441727
3568303292
5016139125
2215117697
2429137163
2429137163
2413527033
2732810762
2061939467
3420811420
2624721707
2697749567
2701392327
3154614017
1613886891
2814781775
5258570408
2672106337
3141875291
3182833717
3761107514
1531388057
3132622387
5139865898
3958474788
2924862415
2552689631
1751980271
3197775532
2716002917
3481947533
2331779547
2505710105
3040789610
3269548390
1639778053
5193543503
1732675197
2736186642
2982049263
2889637873
5477277798
1302457804
1869922602
5372807418
5731313415
1870422484
3902130094
3913444414
2526496495
5256662257
3194944392
3198634710
5180156208
2312577837
2879677157
5247870233
2886915787
2399514485
3124241853
5256852529
1876431753
3909023310
1012106342
1802468085
2871835391
2676875061
3223524731
1873099041
3822259481
2441257297
5418242792
2693744902
5718797876
5035065844
5057276747
1954114153
5160860162
2730074343
1810159043
5194730984
3148777080
3964090127
3035139851
3749677655
3749677655
5151914497
5241762492
2139761654
3672708293
5208347132
3198315652
3101511891
1769300201
2690842730
2244676583
3196326157
5256505704
2687375811
5084530506
5738241850
5137561005
2407856823
3190073833
3172648307
2102057105
3029122691
2373200253
5686766786
1954842505
2885535600
3811963936
2181627935
5127433207
3981933768
5626078364
2669445993
3635917945
2938270913
2001351311
2519238090
3567290034
2842507357
3171235161
2681654495
5020445798
2383504563
2070129545
5185343852
3285423631
5170511794
5258583118
2604891481
3033207675
2177943193
3164035574
2683911827
5345712147
2831675201
5283493225
2240283197
1963172311
3913409545
3047676381
2270698873
3178525824
2197424361
2822322197
5651791397
5258683612
5269794402
2524801454
2152261361
2991257585
3993324671
2069182247
5258176556
5738765203
3213178184
2968384917
3542239703
3496926567
2161673041
2884873145
3036186157
3109908373
3702778374
3986559638
2157577861
1768029757
3424431480
1671777147
5046132772
3149027420
2681907532
2527091023
3905975684
2719085791
2929816291
2608470555
1776207373
3245406095
1922503851
1836133197
1881717897
2881650081
2659499715
2686108277
2705448325
1886140677
2892400817
3674157263
2628437833
2573977495
3956768817
2256469623
2312570387
2165781357
2676036705
2810389104
2910039760
2720854550
5036889528
1911361705
2661594985
2892335473
5022923693
2682761682
3289296143
3166449007
1827404604
2285865114
3636192662
2880466877
2960551033
1868196775
1834860434
2450359957
3217976200
5035195638
2965116677
2775387412
5062789414
2299283881
2029782030
2623913353
2982743425
2836787677
2779163001
2426416745
2212478150
2816711922
1105831977
2911932514
5567798503
3204808037
2918184515
1717564821
5026054909
2800713425
1723547854
2385005901
5738444210
2786339722
3798457243
3798457243
3285971873
2884767605
2138675025
3128478192
2314759085
3871445953
2098265903
5651535537
5256900591
5040339802
2930817291
5667439992
1229722487
2312610373
2889292687
2901804075
3579454464
5258786257
5042051055
5065857843
3261620304
5290884225
2881300481
3757684490
1880164330
3096208272
2479608281
5045660807
2909040985
5127436204
3042515052
3225323283
2876478461
5019329168
5508902944
3879664826
2271291450
5256614830
2573124551
2573124551
2771767487
3843602971
2389068690
5038718515
3037667487
5053866868
5341752481
5232983429
2871833281
3083270591
2651025964
2729754805
2890867313
3298450081
3955360406
5160361038
2891610471
3213985802
1619104450
3213985802
1619104450
5258355214
2732303054
2354954331
2733426931
2971279294
3227194082
2705902217
3995563403
1880968061
5258546754
2585131851
2961651384
2718875087
5398926678
2890796331
3065857525
2893549733
5014634649
5014634649
2841992017
2288798263
1700399307
3094402635
1994487907
2402704457
2353298447
3249365682
1846379297
5429636961
2832617217
1997544900
2602905907
3716562294
5258607035
2961004763
1643206297
2874732185
2838727411
2868457847
5386547252
2778064703
5021849408
2791084381
3293443160
3864008396
2071416105
2898922057
1870735965
5737156448
5120463778
2881280251
2547495941
1254314127
5575163303
3178442230
2530942573
1853188287
2179528377
3758791064
1898377135
2553740514
2368039175
5583009963
3459834034
1843456960
2837813627
2103144447
1782430377
5444233704
3862192450
2695027573
3458155722
5242388206
2387759331
5571580759
3939351942
3109387205
5674050896
5674050896
3833197976
5241683499
5258986776
3814996693
3245970552
2505070962
2720651157
5237786708
5034738849
1879106764
5019876103
1568365105
2246931247
3907300846
3106851093
3873738838
5266126752
2404678175
5015378486
5015378486
2968344871
3938872881
5258542868
1956282997
2030942477
2236471073
3023825243
3007368651
5256555040
3316206611
2882138143
3798063637
2095998603
2790616873
2570113281
5258508081
2009123831
2585161533
5460574260
5460574260
5525520750
3480910587
5443467898
2036754377
5638070111
3148087037
2680649793
2469105745
3477723434
2434896757
2986719663
2835679877
2137922501
2676307623
1842863345
2627089811
2238508191
2139285465
3285430945
2654080233
2919665714
2904185693
5321333898
2445735971
2697933447
3124610533
5532899045
2882368185
5268066662
2239572755
2384272985
2523675547
3103542362
3972096867
5556640529
3244473022
3973566398
3922560035
5024529912
2905281477
5024132921
2078999015
2131275930
3607302053
5131791008
2469345462
2701322683
3020116137
3096080281
5235784266
5734238708
3645038360
5258176068
3843542495
5274267086
3439179560
3918824120
3988232490
3911803053
5084803109
2675657265
2882340305
1295063904
2028726313
2660351933
3290791945
3862579374
3863072573
2701033885
3814486097
2786267534
2462994661
2781476325
1873060695
2111024337
1419381610
3903379775
3974904074
3939554885
3193822911
3109556963
5019819780
3268173211
5642548551
2113740585
1827052770
3467269710
5127410674
2879851323
3606557290
2733016784
2515391453
5258213727
2695593062
2314281247
2701620865
2908769235
5338887758
5489226083
5489226083
5234926365
3112625812
3283959762
3545410362
5068242114
2278500873
2635678835
2724228984
2087010353
3901186104
2113270991
3592442255
1562247383
5471529495
2721086811
3120856352
2097836497
5025438998
1667241737
5025438998
1667241737
2663527727
2006651167
2604668291
2337669123
3775200715
2936094190
2795847477
1610788783
1958091225
2059222680
2336944245
3091651645
2489201337
5737692085
3194485920
3738867387
3625553495
1869599593
2119529147
1822996773
2765918841
1877871281
1967845511
2342353965
3256842444
2802314303
5113794908
2553592430
2744590910
2893353727
5084824704
2925878957
5540236277
3932476801
2314702701
3161279837
1907844907
5023261893
1907844907
5023261893
3425231270
2264697227
5040854390
3809544686
5127437194
3194691195
3962770009
5128108388
2719784573
2542051983
2181505067
5686622668
5022837913
1657814522
2680710285
2611325195
5021124779
3670131072
5256853178
1892454773
2834450977
3317153204
2646692347
1839099871
3127309393
3126046752
3966659916
3877122994
1804536633
2960877647
3152984890
3298086162
1710311745
2896935893
1682923094
2463834243
2210036503
5256888548
3980379671
2688061373
2074698824
5256878037
2436477501
2739357913
5087642374
5034188343
5258545426
2191282812
2167966131
5394436456
5258601338
2715005723
2526785541
2379808865
3209365687
2508368093
5023598674
2803315075
2803315075
3645550017
2936701667
3402898880
5256908367
1805505874
2184213801
2498738363
2740595122
5642586027
2099854423
1862555683
3031997664
3831448541
2435985225
2928822671
3057969474
5256651344
2658426997
3896775423
3529458211
5022187691
1801850723
2766755813
2189630727
2454687843
3197840775
2664023735
2881890273
2743679811
3557488682
2980139867
1616920127
2595930255
2477077377
3742590660
2216516731
2971624537
3831112648
3888383069
3888383069
5651446132
3453700020
2489149903
2719216135
2889873253
2818215753
5023888205
5598804444
2382784011
5033588777
5745915248
2310785483
2713112887
5372856409
2794344057
3189800210
2878937885
2847403642
3018471563
3018471563
3929175870
5722245717
1908086883
2021082453
2817663924
3868643882
5446879118
3298297797
3954258022
3974554159
2182466321
5122021336
5341723035
5597882571
5596456537
3502482361
3211018693
2525475232
3163127582
3858407464
2739262621
2798736165
5256867625
2884506293
3205045357
2170172591
5186488781
2141739295
1243518110
3986904401
2320226911
3971991956
3281829544
1797443583
3547096687
2076741545
2846864783
1716460454
1995440845
2423113631
1794891590
1837415750
3970909420
2568056195
2243530723
2171582187
5258355706
5641106716
5392522265
3722049523
3001817877
3138176362
2740549890
5395138335
2122881347
2335430441
1912045697
3807650448
2287250400
2287250400
3310073630
5061118464
5258298886
3971219976
1771848950
2885505313
2459683163
2193012521
3931937005
2730355737
3290216662
2930793781
5128166032
3748748875
5107238706
2754901980
2742816353
2331746901
2098604767
3990560364
2810361233
3160706550
1823409674
3822628143
3871502898
2811276257
2200899510
5733164726
3435727964
5651848342
5020935571
5258663596
3884365225
3991270419
3936169521
1834626701
2701216525
2667478823
3264089100
2129568902
2885379217
3995176691
2766019283
2723677270
5544264995
3812496764
2263012483
5341566983
5069607418
1823747501
2765518483
1822556564
2588272003
2154301124
1750038605
3897934621
1947906581
2033763215
5027122603
1947906581
2033763215
5027122603
5421091980
2886519895
1001073384
3285331030
3224528533
3730949421
3616668044
3144880055
1949396301
3063513665
3819717113
5080960700
2648373204
1887342547
5031063281
2429589321
2349356673
2710906434
2570963507
2793811933
2240303323
1873744841
5028010305
2797196757
1860656361
2495017154
3293267351
2138495964
3302983711
3909166789
3197791864
2873924961
5310944326
3950052390
5173880062
1989577694
1683614342
1989577694
1683614342
2997848801
1815482151
2369920951
3301955860
3085014183
2362266483
2644134641
2887927747
3816461879
1848220164
2021806305
3568196743
2754285195
5256485792
2671005625
1767954615
2979237665
3880470244
3880470244
2793272237
1110863487
2986563153
2245651477
2858641125
2659708485
2660598385
2949305165
2547175430
2882952195
1816366771
5697848868
2836056475
2739205014
5732964212
5258571543
2307614157
2753056611
3608348353
3223901355
2796873777
3626634691
5497902416
2873977283
5017256804
2840594053
2787688147
3974038646
3283433917
2742874291
2106529462
2885497940
5125720660
2947502067
3504045102
5537089209
3796691427
1878570987
2031033983
2031033983
2729609795
2776972213
2899169043
2306172041
1683817464
2245718943
2792356471
2742202067
3912157918
2388938561
3545632225
2864338020
3303833630
5021038023
2132300937
1764069251
2831842421
1868109924
3562075625
3561129965
3750367983
2264616927
3232348430
1759294407
2539166381
2309237977
2396357271
2879494035
5201580702
5062574678
2895974611
2891804885
3125951315
2884879031
2899175101
1115312954
2032207623
2448498987
2193063093
2795920311
5395549835
2015050155
3286619697
3635882075
2833537813
2880624997
3030455411
1806250177
2734504871
5258306394
1846959477
1949934213
2967042437
5134061027
1874047793
3227429752
1684787277
3921739861
1612011620
1612011620
2184768921
5652270468
1722903215
3990631753
5239649648
2262468527
2712397413
1771873521
3071155801
2890415351
5066324988
2898035483
2026279793
1814291811
5327708523
2377164002
5208011801
3057925237
1947615207
3448063680
5249738593
2877287111
3024338293
5638129796
2831829977
2079635885
2103747191
2824170013
3182562802
3919543212
3883961365
5147528257
5257192291
3374036164
2481278970
2972785134
2882351031
2645156703
2449835001
2310776983
2401009657
3787967311
3842977337
2100510861
2895484605
3502271222
2077214667
2889700937
3751541333
2022637205
5177270962
1682520704
3933992231
3626186290
2314748751
2899523807
2185211987
5027947833
2985107271
2151658363
3910804826
3744575223
2900721481
2308816463
2552086493
3146511985
2617487357
2721053300
5156643510
2879167501
3150496904
2367536091
2217822897
2187058575
3962379221
5731263628
3699208812
2962468765
3850259623
2919322907
3929986854
5256857189
3166161390
5637668978
5012426614
3533597603
5118577720
1699966207
2885433001
5018348070
5440158012
3440826054
2677584055
1806265351
2203101067
3699783465
2281717047
2281717047
5026742438
2104055527
5258962699
1017616347
3833689199
1875727941
5054063687
2373434227
5239180228
3910352111
3308531297
2897298693
2100544911
1988896495
2210014351
5031567131
3164098453
5135935090
3012785921
5108949989
2810968110
2796321763
3976611720
3132071405
2812198015
3283561974
3156212513
3845525392
1757832475
5117900077
1866954301
2271753131
5132910635
2668009565
3129711795
3688844980
2622459064
2624286157
2793260634
1897408913
2107619363
3879344169
1078507307
2516504644
5258174068
5036223671
3289061155
3212701021
5479568912
5102612505
5662213826
3027949251
3257748660
3986685487
3019876827
3613098723
2399568157
3983016166
3983016166
1759063943
2803808130
5024661669
2634420107
2194558753
2773874851
2803257577
1674167702
3837157763
3294926632
2668651120
2703689167
2530975515
1802343014
1805902591
1880062634
1437717462
2918167637
3857947670
5023614937
3123812067
1873291515
3272688424
1902848973
2882450811
5256663384
5465299147
5256918360
2547079053
3177935411
2883539403
3180823753
2310918517
3482993971
3499294682
2445140013
2636938122
2238610522
3183322730
2941315367
1532377311
2798611821
2121881517
2942070715
2336031127
5032962707
2621563183
1966000311
2031445741
3800748675
3511299300
3921545175
2889314415
3074793473
3858512505
3209733711
2530788613
2700976325
3986463028
3986463028
2963706403
2671289611
5654482005
2794346807
2695212413
1978408037
3480688860
3014032251
2883574403
2466460645
3099875331
1955741263
2874486313
2392915937
2636012057
2819253527
3917183511
1829871581
3182584754
5258196358
2886263945
2833689891
3343328882
2692694523
5367580648
2236757237
5653660008
5112772767
2288673925
3956448699
3136578643
2893437205
5446379593
1795575233
3151657001
2410643967
3340575030
5360008294
2022296175
1734050440
3292795772
1641489270
1260227291
2732604824
5236776591
2313112875
1590760883
2719280433
3446059272
1764690522
2806820232
5238919667
3180617441
3260774234
2930395263
5027812712
3681988380
2677460505
1101555430
1101555430
2884205697
3564350310
5554614159
2637557660
2482857804
3242309924
2880159085
3568224045
2908461087
1728457647
2277138490
2871146434
3285046381
3219782894
2368035920
2311341571
5022631042
2647102055
3177863542
3177863542
3931293826
2727143955
2881878973
3041526275
2312751567
3096146935
2249716143
2169563852
2206541164
5024999300
2701351495
5258392388
1393196577
3820401077
3087443833
2523362365
3146395354
2307582927
3852276020
3852276020
1718479195
2365228197
5379341810
2973732461
1961394574
1879770404
2678088037
2952685197
3625922681
2532959791
3860127447
5127571112
2414931523
2936594897
3977977591
3465281140
1940618307
5260514494
2385323361
2261565155
3554726391
1932073904
3740866591
3132658167
2202392475
2313449962
2614763327
2106764641
2880972743
5116552791
5137117087
2312735097
5148557138
2649407045
5596931759
3257207905
2793239904
3179164622
3231945194
3231945194
2897258305
3369115252
2073881677
2121312657
3846993560
2931300871
3150223045
3499307652
2014300437
2883113777
2314182297
1841421267
2260872467
3229322214
1751941435
5028444454
3309657233
5331576132
2889684801
5331576132
2889684801
2295262422
2310711497
1740807401
3801078190
5770256025
5116362751
5747549119
3812507577
2708318425
5304575897
1617601675
2812842244
3316434191
2387207915
2830483697
3066271093
2314833655
2781462917
2781462917
5158137906
2794178715
5034662684
2472423957
2135543831
2883684905
3183391010
2156936641
3312430267
5258694044
2733073781
2115366067
3627932707
2909955147
2472551841
1570394713
2557359191
2651802557
3159468095
3263187274
2735599557
1727825320
1584343894
2524824743
3258296602
5362148929
1707908162
1958282871
3104747011
2721901942
2210408394
3844675090
2646559700
2836466472
3819552382
3318526215
5256554164
3164600300
3972746083
3972746083
2050715371
2842745165
2891224103
1884163947
2656646805
3232588832
2465387305
3956696117
2983495354
2547006453
2834387587
2384472205
5032893154
3457208252
2702586385
2382560295
5137142816
2395548332
3292911557
3511246213
2876897343
2890867917
5408418866
3636148635
2804961240
3930362133
2916704257
2708277027
5373118455
2002110897
3048069763
3933931730
5722331322
3180739903
3876461025
2446868227
2079398240
3027759245
3452932680
3452932680
3924887033
2908543217
3014513501
2945751235
1040258427
2895540395
1773981242
2103544445
2658358001
2500725563
3065638355
3007755425
3672939957
2730790841
1265552935
3175949924
3938896948
1773450915
1773450915
2720633767
2701442455
2530985937
5259040362
3959727227
3032852945
1891114361
5256559003
1842387197
2519449537
2898014201
5032539923
2695729851
2713548125
5733082317
2495818471
2910977963
5043835817
1874817631
1874817631
5397445845
1947504867
3815358709
2945953995
1824160680
2887075987
3472878472
2826556583
1015998423
1714483603
3217899494
3853274565
3675524720
2984164753
5172543937
2152564842
2979892983
2896092671
3950062593
2748072240
5025467251
2627971877
2241592641
5019927995
2914663211
3154170340
3207577943
2901894651
5365184100
5094007258
5148539270
2971825151
1584845452
2832793431
3312454167
3264419662
2042256155
2520863427
2625498251
2625498251
3918811846
5410866209
3886406158
3511206842
2685306460
5547406273
3115633274
1647206195
1980236043
2897731151
2889328733
3481817411
3956055914
3277763785
2118946034
3121600540
3914205458
2437207797
1795610971
1795610971
2736220695
3192538531
1865660317
5727452154
1067478221
1015151534
2428962523
3616638845
2020794670
3564206387
5601928409
2895928655
2834908183
3525464363
2835861085
1651585725
5638888803
1672886140
3145641024
5256490158
2316365535
3761150241
2877545385
5258186446
2986627647
2858670943
3296998660
5314473347
2880430871
3920093353
2488071177
3321614844
2347757903
2891263404
3959317344
3625855077
2961388093
2106815911
5025962689
1769012877
5194131625
3004603434
1771251533
2880170407
1182648800
2938451071
1796295363
3018974007
2494787971
5019807089
3987130627
2597445124
5262255586
2893862353
2802329255
2099845924
2817517740
3539719685
3167807483
2817517740
3539719685
3167807483
3255342814
3625188003
3807989008
3269657525
3092330777
3592425181
2278162671
2887688327
3921384551
2180114451
3156600655
3804090898
3033638700
1995439603
2495658135
5448352206
2839312155
2921009437
2952394187
2307526867
5128341669
3459813274
3934159962
1650066292
2758980181
2005283197
2667034527
2755823417
5478467420
5256554748
2491242620
2794029381
2657598560
2985990623
3181266263
1784160964
2879751455
2526181343
2891334727
5314933926
2851274054
3753204233
2625965753
3009013125
2214516953
3299748983
3655338840
1829710270
3120218754
5201245905
2886597465
5256482291
3157069871
2730336427
2156131395
3282302533
3238574482
2827584170
3203228753
3226554825
2437133827
2356102071
5737520782
5095610482
2295734277
3607083320
2799081371
5128325218
5386426053
2020831333
2660358571
2127299091
2729013670
3756070902
2461540433
5252660866
2451327202
2451327202
5527217820
3320037305
2309101107
2236641921
3268411092
2321847373
5257236525
3216423073
3934349060
2075754813
2742255455
2878226145
1875007007
2847169417
1857526600
3279816371
5350834676
3575123203
3995229367
3575123203
3995229367
3931364754
5258549805
2636253650
3932459032
1880061003
3835372010
1699975393
3216468363
3911784639
3602699933
2405029153
1913737940
3350218244
3545401504
2042890115
1946954127
5267980000
2891772795
5267980000
2891772795
3317843601
5258352704
3049589770
5090027166
2882143643
2924885071
2663377932
3761912132
1776683261
3777099114
5107015813
3649898172
5256986917
2813868227
3019872133
3784351900
3249753715
2686683721
2686683721
3731105257
5102179808
2311441295
1596940821
2890506185
2191725262
3900515251
2116036015
1594394005
2127342295
2319016705
3277908821
2403447931
5180330720
1794738470
3916253798
3103124087
1928228253
3469823840
3469823840
3491429860
5256974174
2851708237
2893535401
1793375145
2311046823
3798049797
5142539645
2970769604
2890058245
5650193753
5117309157
2949654195
1768233121
3201234105
3541865340
1203930904
2496829673
3518119491
5290458550
2488622605
3752986331
3937665705
2719227610
2823372375
3756366124
3941001230
2269704694
3943300121
3735424751
2006027577
2668647295
2982305043
5610943981
3749719602
2653550477
5266094426
2729044601
3118972815
2890014877
3980903081
5033064528
3143739841
5386437825
5018202137
5256853584
2899117947
3866267819
5137223049
5150674017
3938611672
5258983004
3948231525
3922830585
5150306137
3741823177
5672664753
2671883655
2151245627
1638944610
2100194057
2630973093
2885250133
5118677842
3884037449
2724336591
1651745802
2542753711
5112310440
2517795384
2027045255
3390177374
3597212810
3608246964
5179756943
2690271632
3177013150
2897132215
5258200418
5258200418
3306806271
1693843671
1799337291
3190602263
5017404694
3797766113
3437225822
3881633083
1893677215
2891097041
2820499365
3518110103
1949935455
3290070637
1970766433
2196940010
2149570334
2809589931
3261777392
2149570334
2809589931
3261777392
2485169460
3606609133
2854236314
3033880651
3036872384
3226429124
3612531732
2312138697
1117149950
2992068373
2791822817
2346974834
2734490712
1735503685
1683207850
5021593325
3538156967
2812616103
5128222861
2910243754
3290301687
2278358011
3746080447
2819614855
1119575764
3262752614
2725527617
5257135921
2048303713
2874010717
2103841151
2885599897
2877100731
5237056224
2806029843
3768806242
2925759125
2925759125
2746788183
5660545820
3073908130
2882991517
1702484690
2206789290
3795332292
3123025544
3908890029
2896380203
3990940317
3622879081
3286628660
1567584392
1922496821
5303236229
5111389681
1925248143
5219024148
3240330927
2626100435
3049526060
1704880814
5582703595
2700961833
1958436365
2651895594
3564242902
5256995138
2826942917
2675152087
2938902087
5258706476
5258189031
1991292087
2453209431
3976436695
2103578991
5672091718
2642576580
2005420863
3847737174
1845573862
5657549749
2310245215
3021706287
3760196023
1962465505
1838442157
2141555397
1747548630
2890309615
3687174244
5127433475
2310894853
3306970471
3210629737
2891772565
3891280514
3032449550
5377319265
1941563707
2469743297
5517192686
3190761322
5493444788
1064133953
5033494700
3790549155
2044467583
3966877714
2499859667
1732955794
3966305669
2919334555
3645348235
2876856241
3206749114
1686652953
3206749114
1686652953
2719758303
5127217504
5128166952
2835562683
1806294193
1532359810
2896911375
2559341363
1685992773
3081120842
5367042087
2558414517
5256602528
5256516192
5540891959
2934573397
5258834603
2084563425
3276838622
2673469962
2254522690
5128142966
5379807401
2079802934
3805819440
3276150832
3253837212
2213757517
2376174735
5180693798
3735291440
2880929591
5258062537
5499282530
5020144313
5256498378
2217040580
3591799620
3591799620
2554752151
2896156947
2893684501
2854004907
1866874361
1557177497
3554020563
3797846915
3253352224
2677286295
1957812467
3899951976
2898106743
3480798352
1806433715
5032947336
2873059067
1652340292
5269098343
3916554786
3608317495
3236861272
2891254063
3616272321
1608525017
5258175666
5436798207
3904163954
1904031527
2764711761
3026338471
3960889579
5538594227
5257058689
2665202453
5213371777
5135640157
1589546860
2913458933
1589546860
2913458933
3721205380
1052265722
3267204092
3016966283
2472108467
5384691267
2741820814
1141861951
3787281082
2803529141
5043831555
3261944780
3428454444
1823997533
3916810780
1784912462
3103903893
2788724521
2788724521
5256940357
3953323805
2749293663
5654489897
5666753181
2246427763
1903009667
1576627524
2133379897
1889462321
2789690807
2246025701
2235399354
5568546999
2558891627
2892503023
2048071715
2918592060
5123058858
2918592060
5123058858
2902034575
3717026050
2897945657
1295326052
2154076622
1958470377
2899644051
5653477802
3364303520
3029229281
2235568531
2816853445
3900424377
3024940502
2969422317
5264648245
3965172041
3637118781
3637118781
1919336377
5147332101
1635469563
2720177537
5258200091
2052652571
5255641568
3315731011
5515992348
2790924083
3926190887
2927578871
2899366887
2425834077
2096754965
5574435890
5194806007
1644218253
2525093587
1644218253
2525093587
5674033636
2307648263
3233015554
1932162035
3905262004
2701326225
5015830380
2317976801
2308177961
2576285161
2603892302
3384560054
3223983644
3057911947
2386301823
1833102861
1860914412
3903296143
5545800556
2105950593
2979897335
2658984247
1962479135
2463190440
5503342428
3278126797
2924326137
3973520330
2474095821
2621429751
5020594047
5253585729
1760535345
2805741105
3860286598
2795615285
2474983151
2245727447
2245727447
5256648285
3047613983
2898705915
1830565447
2838263753
2285138412
2653500537
2876103943
1658458075
5596967997
3699437163
2015087175
3576906170
2687553715
2880618551
3155789912
3952845074
3628410317
5307069407
5307069407
3013060420
5634030655
2835224911
3919125160
2841185447
2835738251
2886313483
1881008862
2962531295
2403376767
2346437965
3311847473
5033901545
2911989752
3216626943
3248450665
2018026772
3224638581
5668218454
3224638581
5668218454
2353587947
5769785424
5362481160
2689326285
3966412503
2178256453
2194652547
2663433017
2251808627
5209819721
1769061774
2825307611
5256816701
3971784121
2884864541
3905721456
2090370467
3128698924
2824267181
2388612947
5166818902
5216068013
5257356352
3257903510
2315061433
2659936745
2273046717
3203229081
3027516010
1812310660
3960013688
2894606177
2894124347
2886637281
5118476868
3930143470
1799716681
2084142915
1799716681
2084142915
3699638143
2452989563
5621696962
1949746814
2661970415
3733763575
2725624113
5258191973
5672821347
3477735225
5312750925
3147330395
2842145333
3607843473
2198813007
2883913713
3145656065
3772587045
3772587045
3502232902
5256944078
3373983382
1980035962
2281269863
2827610327
3520170335
2713735757
5664380913
1916505811
2680050275
2813776211
1845834215
5453510366
2817423905
2894359143
3845682101
3564339535
3630839821
3630839821
1336284094
3221468130
2091627695
3592501621
2887183617
2156871411
3307973094
1244095985
5639704316
1199167345
3584312957
2899477971
3558856302
2313217885
2243789595
2697347724
2604537101
2929855921
1590804500
2774092167
3863140613
5128364009
5505275813
3509285351
3840835289
3399026274
3295296445
3259279281
3958121457
5637407774
3891902609
3893937619
2911532604
1879366321
3210206585
3320789753
2705142091
3175477947
2432284995
2887952372
3945683634
5027078273
2710485331
2910690164
2706528442
2416404751
3502055752
2597428527
3204194575
3495727294
5261692054
3387741914
5023329679
3007896783
3963806097
1956504431
1703131121
3140041800
2710592013
2374690611
2754181843
5258634164
2768373511
2883289021
2974403017
2967362693
2201516033
2896305327
3393153070
2971413765
3836556411
1777177583
2893441301
2835851841
3495618731
5729920571
3520238114
3293817941
1765520807
1765520807
2164327935
2392430773
1780511111
2629854057
2167243764
2362056097
2549149167
2658064312
3263274833
5258877557
2650066331
5049945683
1797436767
3306692761
2274951425
3233364670
2313148661
5257092114
2616248657
3606764467
3881526104
3038049682
5256654367
1745316302
3328189560
3296992525
5256999049
3457685834
2799095207
1459464404
1957519043
2042325837
2234649314
5037926838
3598292720
2217882375
2739055493
3044647601
5138417714
3196215140
2654685273
5208860033
3686434517
2658940020
2249037372
3886704603
5209752032
1724093711
5658392186
3901535697
2882156781
3318616990
1084240697
3181018807
5258342290
1839088190
2248085952
5256481815
1580524765
1580524765
2290272515
1247764435
1038593403
5026291765
2669429181
3163174025
2775698017
2397912571
3554826370
5637737419
2891141953
2952025905
2745046255
3675784483
2889583265
3040992475
5114431613
2817663841
1814637330
3037244564
2721207783
2880606315
2665152515
1446554760
1805860313
5028474960
2795091747
3022913732
1991643007
3983994618
5256969388
2763443445
2026434021
2451996645
5256376469
2928809401
3625480304
2231223697
3268958591
2768493527
2715275854
2303695131
1996337565
1802303617
5013732567
2106648121
2905188665
2884494865
3235142344
2887519751
2880334237
2889083537
3687337087
5257321519
1788636305
2553769052
2886965521
3826193928
3124452165
3940926069
1851791272
5357488772
1887857634
5256561992
2520354995
2896508053
5258165189
2056142973
2890457643
3912303890
3139318231
3308183281
2764274735
3888043106
2339922905
3790805357
3935876854
3930608641
5232353084
2861211793
2481334415
2343212401
2436843955
2645410531
2961671725
2647630181
3179250734
5256512971
2100869051
5257185297
3314919405
2684063617
3520288245
3192140784
2566390973
2712056281
3206695785
2834428093
3145978125
2834428093
3145978125
5473651522
3242761195
3073657323
3839538187
3716530874
2345959265
1790213795
2736975615
3963375261
3126451633
1882068904
2813071130
3880042318
3274814591
1863757610
2834476075
2795218384
2985450447
2273079663
3156433614
5281344465
2612611915
5160851922
3260534660
1805817587
2557980271
5665862706
3830391258
3071139370
2835047451
5731668546
1769291661
2213649853
2164308945
2037911301
3229972062
2182056401
5465441169
2894420915
5137594151
2693356544
2155475495
5464410214
5392910400
3276958290
3290847525
1645112053
1747468125
2701413943
2797661425
2631513917
2937279813
3225316634
3626347945
2525481777
3911959217
3216263415
1946479222
2738677383
3259542962
2897372615
3010941063
2024312677
3058011401
3310699795
2318139381
5258297773
2032033483
5239156831
3551790665
2892733991
2066385501
2886765847
2374994951
3274406445
2423304545
5012511001
3320363635
2703730801
3777955805
3303957445
2629862807
3757252527
1969438403
5574077251
3889354220
2684313947
1822047865
2245852812
2968060185
1849220462
2465128340
3242864080
2737078717
2710620884
3319769604
3542068401
1673370204
1673370204
5673124345
2008839577
3176644691
1963131153
5032746944
2327428773
1984762121
2614458165
2522076777
5376297611
2695534263
2708753505
5185419883
2917259063
5643912984
5657849055
2716832940
2898757351
1569139440
3991880772
2885730161
2880784325
1802617462
5196348965
3878133726
3038240175
5139418670
2307954263
2629616647
3379136904
5258254858
2651147971
2044696677
2623598577
2871024153
3207867341
1815849297
2900108355
2581804305
3196113513
3295372975
1874704843
5734576490
5641393938
2886138207
2899818481
1785978822
2899182665
1790092570
2683518125
2203660423
2313091081
3779762127
2709752673
3177082633
1667553211
2548782375
3023504972
3911025271
5284303574
1800530033
2420175504
2682952412
5258975675
2125485083
1938295631
2981842651
3089348397
3924965804
5289688350
2688657681
3299350890
5115692924
3490800824
1561288505
1948548013
2903433890
3230990494
3847922605
5033864525
2834923765
2102433141
3310961241
1918634311
5679115889
2910358664
2748676147
2874856453
2870662023
2900915975
3011266444
2505859375
2490471285
2015102105
3817233089
3127317591
2678587621
3547002927
3274855080
3547002927
3274855080
3568409155
1816685981
2181198011
3126931035
3627820884
3868923972
5035852912
3304960633
2679378311
2701239765
3603479795
2667896941
2372086184
5737248558
3850062848
2197451714
1792499321
3932247377
1882440700
3429469674
2864956957
5013644891
3476823604
2082108357
2183171097
2704594882
1909119867
1824189104
5308084847
3227157062
1757862621
2003491931
2248423635
3805656914
1690231567
2308181921
2076043203
1681698874
1681698874
2263465387
2349223871
1802420595
3465603500
3711755491
5661074414
2061499277
1024572544
3761636881
3931468914
3282460681
2800561437
3152609311
2881269893
5016777088
2711716674
2877078047
5531494559
2319640134
3161352805
2879631233
1575293074
3645737842
3036943407
2656795641
2891783871
3933902007
3829321431
2264976472
3983136893
2124065701
3041844570
3802667760
2870892183
5679558274
2311436915
2270216842
2473545211
5044642413
1745014351
3100298427
2952704731
2735945647
3120058330
3926550039
2885178893
5017415378
2546292181
3947501212
5198614451
3090575597
3962936063
5042991845
2273887043
5143963963
2503306983
2467403975
1948681582
2823876544
2823876544
5258885668
5077534342
5063552898
3198568985
5226969254
1573838542
5088575010
3031986307
2418676255
3548448985
5445663947
2417420941
5020592997
3822875116
5651922999
2897489741
1864938067
2765395067
2499728703
2765395067
2499728703
3644732053
3575149453
2890693921
1840157093
1678119440
2230316645
3046501625
3258132004
3788388441
2887472155
5389577289
1961660443
2891851163
3024812714
2296467464
2468913871
1914632300
3221048372
3833668654
5258602251
2655185821
2012837587
3430839160
1803173017
3221981605
2704604674
3126659261
2791272603
3133751623
1940607522
1849027765
3173777690
3968422935
2708664117
3232589022
3164749795
1765355663
2627336907
2782607384
2060347201
2762731737
3028988564
3626737872
3283404423
1934291651
3005194751
3332241834
3297329660
5220898422
5722314542
2027889627
3852085494
2893885163
2310661641
2202096145
1879441402
2698852407
3457591054
1856335950
5256481264
5137183636
2901047641
3426576960
2020558452
3270405317
3282097325
3742916747
5505592773
5256815044
3297938641
5266124916
2362901261
2749126810
2300658287
3268252314
2269969693
2879030752
3233730660
3233730660
3186158792
1806293627
1558135061
5022482410
2897408183
1283047821
2791813455
2230989451
2162559595
2098810835
2334765915
2158452735
2113166382
3609658715
3508590627
3675830771
5564714637
1917833523
5497475921
5497475921
2528062507
3962526602
2102917267
3570525251
2846772827
5653985982
1834574077
5253270912
1908214862
1883514140
2895362991
1950425395
5062013739
2900192847
3544615743
2697927520
2489726327
2061248053
2309767883
5173096367
2882694171
2282998151
2968311097
1837756830
2910890454
3625960652
1970018450
2315804657
2876837281
2795259173
3262672347
5019732755
2436960332
1773327655
5147110030
5599939452
2914358681
2792341881
5042065167
2792341881
5042065167
2748657271
2386522011
2803822981
2883977632
3036475935
2738630135
5500283269
2750128033
2667345491
1850692584
3398900954
3279658997
1798377887
2925430151
2797615593
2452106455
3107116971
5582071810
3762115307
3271111311
1775927731
5071247242
3211263833
3592147705
3082742554
3556243112
2633548437
3346065844
2537500461
3250282120
2917664713
2880106251
2305966817
3484342491
5302132512
2214532593
5258251508
2272115045
2635245491
5023053538
2246645495
3188485387
3828756938
2654037353
2080477813
3242894097
3895562670
2882366315
2614286467
3276081982
1843232491
2258228720
2702550080
3916060852
5203547036
2401068321
5329882647
3043450565
3043450565
2627575483
1904567187
5133074749
5258354113
3214534145
2820578154
1808548370
2891861937
3940827293
5257135264
2884469263
2906481127
2952661365
3036290077
5256476513
3046135081
2404477507
1598577593
3919230710
3919230710
3093006231
2663557957
1953873485
3958409769
3910706683
2006955103
2813261065
5016135771
2798485064
5096728036
2187684107
1692323545
3135313074
3990941002
5736901627
2344612823
3244111755
3380084702
3159983090
3380084702
3159983090
1840496443
3542841227
2822940192
2983720554
1833622277
2404801093
5779201575
2747972527
3149555014
3153230934
2119757380
2892884285
2073680235
1249874620
3272146444
3894051704
3853063153
1574217465
1574217465
2919753385
1235719892
5258216863
5602693333
3200617907
2802994450
2874911943
5069170579
3040552893
2839269111
2644061384
2656150111
2816982854
2511282207
3861400808
2661613115
1651510373
5653643758
3737345472
3825968467
2885278313
2918570505
5257308640
2670627737
5361457288
3046583047
5024137563
3126357623
2827716963
1064962492
1880233675
2655917407
2879771241
3262836185
2808976672
3606920164
5258250927
3568202451
5258599468
2900840945
2232545963
2345707085
1749003665
3174160212
5273387509
5582912265
3784023810
5408444368
5131958710
2664277362
1832873980
2947293407
3027590154
5119742118
3030637827
3433671944
2307460913
3740682767
5258578682
5258578682
2979764827
5127470746
2587091701
3092963255
3313997707
5083774527
2057263942
2528589751
2964703174
3584192592
2504573087
1954787741
3933135184
3205497325
2846542155
2909187605
2889592297
3233495424
2830817115
2239158347
2241680153
3026689603
1051316652
2579770301
1844684621
3186031007
3314996157
3210349401
3266992740
2314719375
3953468259
3616351305
2189833065
1989270734
3303538121
3123406865
2162883565
5729723139
3001950391
5171817031
5030892538
3711573490
2905033291
3212529682
5028245631
5312390030
2535571417
3151220761
2717620065
3059811317
1905390777
5330010801
2879707097
2174538283
3995695366
5249969976
5258170243
3756377307
2195364175
2195364175
2810227447
5098410146
2991685105
3048453035
2655097345
3525504601
5639877352
3199762487
5059311556
1662209197
2560076757
5022359676
5018627142
5149426877
2935294127
5239438893
3785643401
5391921583
3257669055
5391921583
3257669055
2833155307
5016215397
2238434021
5543765941
2832690217
3564330321
5020585741
3916191962
5531130861
2076679765
5256513833
3253479664
1846559970
3078841677
5256491227
5657879267
2421497863
3018496735
2421497863
3018496735
2200320610
2309680625
3267112892
3742341834
2950250213
2210820117
3185299334
2278231331
3174915321
5147823722
3635663511
5019079148
5509864109
5477067943
5182198321
2820952027
3187442865
2741432972
2815618367
2156082597
3283862357
3285086901
3014605475
2087616584
1744204687
3918959233
2377141704
3832048584
3331609460
3649854672
2807202527
2800132067
2167317561
2117021637
2160684783
3985249468
2879275973
2768352593
2879275973
2768352593
2356167287
5019291823
2838450057
2007301147
1605964471
1752382932
2879752867
3151201641
1210910252
5258545603
3898548061
2834166104
1396419540
3078504113
1977530301
3201753617
2884668843
2959635423
1112060403
2189423137
3626715293
1904918832
1614256531
3358684204
3182025560
1864555787
3915004844
5063429595
2890351865
2880253111
2465364511
2816206587
2457509947
2232690641
5107288155
2683868711
2339626991
3698579500
1844006495
2309820075
2156815355
1848287123
3884450774
5034246813
3280184841
3975082780
5015425887
1205800515
3925071749
2772808791
2352692971
3239691402
3033404583
2795104970
2054919083
2545339187
2644581072
3178049781
2469750587
3073027054
2841345871
5388898055
1237716964
3398692110
3826531626
3043542990
5312216329
2761280441
1392780211
5018976676
2977650370
2214017347
3287234215
3840150175
3196674404
1640859751
3737971224
3290783125
3290783125
2744518054
2701245733
2844749291
2722693967
2312646547
2585707445
5736906259
1879611795
3203714604
2985590237
2119370324
1765004050
3779588834
3187961840
3257013265
2951907300
5258070528
2352378117
2342276300
2342276300
5674920864
1802305817
1959165640
3699427713
2727070381
2948671240
3729604473
3871499379
5256713088
3789193385
2954221411
5020143306
2835287647
3797865983
5230837764
1753125093
3931965778
1838504085
3846760677
2042667003
2712742457
1758970312
2015999791
2536728491
1763373955
5297660510
1980295961
5026705017
2317077817
5256559945
3261705570
2360185811
2822913765
2093538157
2844723967
3310635975
1953708785
3143013262
3873688730
3143013262
3873688730
2387035565
2794857351
3126043653
3213759734
3197616687
2474172721
2970443904
1788768752
2879130393
2671391923
1764248561
5140961813
5234018272
1134309540
3835062088
5447182830
2343482303
3484289195
3304777670
1819980634
1865810694
3095746545
3035687297
3947830283
5087139384
2452356494
3769138643
3032115474
3698431044
2606692503
2883963747
3160378245
5653110401
5175548444
3197141501
2240728083
2456604163
2819756267
2819756267
2587026197
2495562513
1954823933
5113031043
1318879590
3122205022
2673460431
3672643133
3927217590
5256984489
2889684761
2313166751
2308016411
2151972937
3231087974
2872131017
2884357085
5018204345
2238484221
1802455941
2897768725
5310752021
3089783681
2886447895
3922802114
5730516196
2969188297
1275151380
1986245905
2210829151
3283590585
2878402037
2033225671
2012935675
3976647678
3579400482
1645306182
5042110032
1907569207
5042110032
1907569207
2889551921
5102895656
3607031492
2155447860
1927599715
2896856623
2527270203
3880729329
2270704123
2456512583
5178697585
2354044985
1797087747
2066905282
5625647089
1990065927
3980267215
3264948172
3264948172
2754661353
2099850323
2014445025
2885456131
5658277410
3147390930
2213837357
3767591205
5366688401
5256513405
2793581102
3983819279
2683260031
5027597066
2819583164
1715964183
5128101285
3934094611
2884623193
2884623193
5258254588
1767710872
5195354518
2732137932
5256369933
3224076193
2652121387
5654190407
2840023727
5013366568
3842674509
1780397221
2734423747
2515299681
3305493553
1961184357
5362110180
2639122155
5329862162
5329862162
3877965917
3032145902
5258633193
2775547615
2032115957
2902758351
2085871085
2467630513
1392253500
2005892993
1841831753
5315846182
2266032625
2709041845
3257212265
2886335295
5177863037
3284079213
2411495855
2411495855
5020014228
2198294841
5140629369
3888453499
2896677477
5343089221
1920926263
2895259541
1761076635
2900904571
2829272327
3654969712
5019657649
2685266265
1944363782
2271193037
5014089127
2035997441
2031162477
5257085712
3686766722
2364372575
2886853845
2637746524
2704853404
3165400331
5091469035
2456174290
3460648822
2661959792
3948326872
3384700634
2925893937
2748485511
2038466371
1933397533
2773624535
5304602546
5179987172
3192095890
5193829169
3123810890
2951341003
2415725977
3105173211
2890481641
1695447844
2687594097
2983942497
1772729153
2654694282
5256814799
2719159387
2086400685
2147317632
2956543934
3482754192
2827570543
5256967172
2906449027
2742033610
5671093903
1855615117
5515490867
2696435795
2881308283
3949436823
5255987026
2640743914
5166779419
5369648087
1863179071
2896832743
2678652945
5171136452
2920320415
3816806529
2054502137
5111796275
5111796275
2069376160
3213386612
2180829485
3631204604
3153243115
3219205500
3200866314
3863975661
1652932024
5176278488
2652102253
2047245443
2878205907
2029363474
2149741192
5254922636
3963245363
5652743246
2414564613
2918146233
3275141942
2899287101
3126331953
3700427424
5256376978
2953343045
3854920252
1922099927
3916736403
5581087060
5256607369
5258175990
5511662360
2813186703
2675678237
3626879664
3700678982
3971381466
3282476495
3971381466
3282476495
2201199762
5149891588
1784035182
1704380725
2794030683
3844313320
3608441040
1979858797
2022202645
3202462605
3934656938
2338532091
3903673330
1774718022
5029391029
3854157248
3058677073
5106845809
3058677073
5106845809
5258296409
3757715594
1159133464
2609084640
3305467777
2114803504
2328700390
5088682300
2175988751
2409261663
2372514867
3099441131
2561122113
3853028107
1840593904
3139802660
1278370064
3925774949
5660782670
2946079090
1752352531
2108722105
2380244843
2890954425
5447805845
2040279785
5256501630
1570126284
3197257285
1835699193
2304933413
2794505923
3189736005
5352439156
3309809531
2722537422
5065754532
2467679363
5065754532
2467679363
3616664173
3625438323
2894802437
2471170157
2750609953
3484452753
1703401935
3300144357
1933639294
3927993039
5135309047
1062514451
2997378387
2954182545
3226266864
3134495585
1827447582
2760819023
2760819023
5000359413
2898463223
3182782967
2525859913
5651315619
2743172324
3741490102
3462348422
2930400417
5661942529
2494503091
2873475347
2969865547
3452864944
5214054761
3755050215
2505972075
3884740174
3042849092
2505972075
3884740174
3042849092
2956135983
1006276985
2383449921
2884710761
2800278393
2836766593
2845919773
3122378594
3015675193
3154795813
5127473270
3480296075
1846100022
2688517815
3616652254
2616175787
3826837273
3826837273
3344627434
2354403504
1770522863
5204960836
2034171087
2010262923
2256109981
3768543554
3177246692
5027928249
5018555833
2236105527
3191605814
1993471550
3995187846
2622152452
3185040440
3120749800
2046758761
3120749800
2046758761
2519664293
5305110812
5258976319
3127042845
3627376420
5289634546
2899431865
3696025224
3270488724
3434077104
3477734171
3201495723
3038894887
3786467531
1829755147
2005033537
2337325604
5259041622
5199651809
2311379761
3557890554
3808838563
3903402638
5178367397
3200672707
5256475340
2179688627
1755354343
3384878214
3636738520
2784513611
5256852239
3994984765
3119830181
3104210543
3780477125
3035610501
2881886170
2381539875
2932818553
2889298647
2895249323
3450508030
3926968820
2600614490
1946771125
5018581492
1839675077
2880697731
2681766325
1809090863
5171719198
1937333497
2307493163
2177878687
3023061202
2060232573
5258192814
3023061202
2060232573
5258192814
1839751414
2800338205
2390544903
5256601589
5072907736
2806151002
2900757951
2845009495
3203480490
2584066851
3888607015
3267655194
5666194814
5014333404
5348631983
2050286917
2887653983
2887653983
3217756605
2674583597
2906036347
5201990251
2575977483
3737447245
2195192785
1854145361
3293836530
2671398787
2406977991
3089478204
2507649515
2641987307
3972020920
5097858638
2986547677
1002751600
3795474463
1002751600
3795474463
1775066653
2882305701
2884869131
2815523095
3866973069
2508343363
5341653908
2900631861
2879855011
2001698777
2325827615
1015388801
1946649335
5180865663
1553178661
5258357937
2836872927
3121458540
2216243391
2918641941
3974214570
3121442093
1929441857
1418662405
3913475569
2950480261
1957134003
5256557423
2238573571
3080470503
2176356943
2878128975
2253239014
2672300221
3327609550
2847844331
3391608304
5137959027
5137959027
2006151002
3863040761
5258297048
2941910981
3292273204
3256438940
2679194133
3706247545
3121478870
1843691642
3612935640
1959512521
3274455023
3109749734
1670485113
2370642940
2362272985
3469795544
1922603115
2362272985
3469795544
1922603115
3125239303
3650462975
3821733902
2953579823
5152346431
1861192760
3885052701
2878430843
2138025865
3142754047
5736382953
3675748192
3030871103
2106312071
3126535862
2811852883
2897835387
2208739021
3268330912
2039139431
1806329241
2437790435
1892195135
3983518940
2166249003
2189473200
2651983197
3894293988
2174512045
1337491255
5050890616
2315818767
1797272003
3205385085
2495516641
2153043903
5095121719
1595848257
2970902273
2873024923
5452845945
1923070265
1405848747
5258828450
5669019555
5653221965
2308149795
5626836915
1673855092
3508970520
5277795396
3502087151
2923514413
5247253302
3023478771
2198266933
3299580171
3299580171
2890656681
2377353797
3672714564
3349576410
3995553163
3244867284
2889226492
2311094085
2280157961
2513761921
3280000137
3970813385
5334726247
2877423371
3302308105
5036455559
5544597748
3771208427
5220261727
2053842003
3616502295
2997386125
5026814342
3283475265
5669361580
2958448487
2534869977
2918450423
2873182173
3959902203
2823402813
1616752690
5653656295
1807657805
2746319297
2894701227
2509146487
2968409030
2968409030
2893817501
2362304825
1033469984
3918635746
2957056431
2651765490
1939093531
5258301262
3379301082
1102094517
2349264995
1705970162
3144363054
2711626082
2746353691
2887099073
2647719215
2966428333
2870461080
2966428333
2870461080
2722105875
3187697220
5258248997
2200649740
2979184705
2996446510
2907230135
1100722600
1935728082
3482117263
2679479985
2438727301
2486278745
2800327257
2694295630
2384130885
3218217657
2399435777
2399435777
5281214181
5180092338
3294758721
2661238417
3847556517
2833598075
2721379985
2492939644
2891314337
5127432490
2887817533
1945921032
3894930912
2143181395
2380766445
2711766130
2878405287
3896795541
3171769967
3171769967
3807682420
3163792555
5031061559
3992851605
2403482641
2334227057
2681725081
2530859945
3227128425
3027864355
3118542047
5141500767
5020865062
2530398065
3175158782
5016341557
1661062837
2899725527
2008150413
2601373921
5174919174
2840218333
1841395901
2817249695
5120559086
1927291905
5000658067
3896017071
2197409695
2081710147
1715901175
2887025937
2403534207
2520654513
2896323477
2926813925
3499249013
3703049703
3181667531
3941331827
5025435720
5258252569
1806335933
2880686437
1806246505
2697367014
3459018774
3466464824
1149207587
5448456552
2073333600
2951493105
2240300801
5021227279
1064186065
3308695071
1827082663
3348519084
3223328855
5292382318
3956454931
1917287500
2346396747
2769220675
2681142520
5062754295
3189382762
2440215257
3990583915
2722416820
2368919167
5293163229
3303375762
2826512935
3698583873
2795632455
5544072020
2833283261
1738699563
1738699563
2962087845
1984115901
5257136815
1957679693
5134766190
5345121515
3784082441
5020198068
3905918576
5652349065
3496171960
5114391171
5074352102
2886058721
5027520231
3570588795
2978712155
5110070879
3665671434
1110115010
2952180875
5068371907
5034581878
1711251325
5256887674
2097938843
2884755833
2798411953
3115306504
1870133687
1767998480
3925947863
3014227927
1778473673
5472214828
2945166175
2347461191
2572837605
2088375537
2088375537
3063518802
5374355586
3425120282
2015913331
5257034444
1892909290
2894250991
3906239345
2156189580
3082864455
2812277855
2099907093
3245934262
3749079774
2611900715
2822894985
1930410697
1992545227
2788263754
5732338283
2940210295
3295264493
5101081182
3782485547
2239301167
1787853155
2955658004
2796232444
3310709095
2844830463
2880192815
2889302505
3293410523
3178335335
1763656287
3018738483
3496482807
5651943778
3931943239
3318527135
5258699438
5128099478
2002994215
5042932713
2883391035
2833490232
2800572015
3090895515
1990694293
2895961133
2698776565
5258545901
3024096395
2553118423
3314026310
5220073803
2627596371
2874289901
2648796173
5277964776
1801723212
2029051935
3062118915
2593208461
5666473274
5256856147
5732509980
3147279222
3499590401
2486735141
3734948850
2443324245
5171772383
3588821324
3865773757
5061867103
2890151487
1865339232
5185520176
2952454733
2884919897
2660164577
1935541977
5017134799
2130265443
3907421377
2911884594
5258700541
2868585011
2834493483
2467406275
2870189923
3203870567
2151259323
2119531435
3044781120
3489448411
5281236655
5059211935
5361747758
2659363037
3277990714
2313135101
5452070455
2593488701
5258660564
2647231803
3239869704
2096295887
2390437362
1877267694
1162359733
3697700260
5245882286
2396288465
2673502214
5256614902
2805989360
3601928534
5747283852
2761583285
3206439482
1671544407
2893851737
5032856307
5024546217
1711018050
5042421932
5210917602
2877080285
2896828223
3130644400
3798751433
1739158091
5653614393
5258177218
3305691551
3258305250
1902115403
1902115403
1786815385
1780357523
2785940187
5256524637
1259652252
1457995421
1909457073
5413371958
5140848977
1787342472
5382574027
2476117473
5724247752
2311448271
3172939967
3499112270
5258631352
3613164615
2731653585
3486474367
3486609062
3486625281
3486792780
3487444472
3492057330
3493038197
3494067364
3494106202
3494674907
3496241102
3496309880
5894060226
1569646684
1907480151
5894492788
3499060792
2854494115
5894491984
1711662544
2939852543
5894320172
5894489180
5894318532
1699278674
2181850685
5894703625
5894703228
1963955824
5894482846
2133000140
1927142405
2078247551
5894312645
2163396464
5894697561
2437179292
5894045156
3229659034
2537385160
2682949810
2796125851
5894691786
2809741394
3203247810
5894472178
5894470961
2548917155
2954252497
3167765042
5758246714
3021070107
5894292375
1976855563
5894289550
2320558875
1699775907
1948082294
2107856907
3488513840
5894452538
5894019355
1972770883
5894018342
5894450046
5894666068
1948278407
5894279114
5894278843
3685762744
5894276967
2697746374
2610847805
5894010176
5391058941
2254566731
1828920385
1745903403
5894440202
5894657178
5894269988
5894655841
3796135330
5894268187
5894652939
2524153800
2495271093
2823003891
5893999459
5894260931
5894260597
5893995855
5290689285
5894642053
5894423861
5894255213
2150359813
5894254637
5894638814
5894637058
5894635137
3578806057
3977836065
3168816317
2231470964
5894415088
5894413563
1783901403
5894629682
2801584210
5894244347
5893979726
5894629499
2595721850
1925579093
2009949205
2263310304
5893978900
2387135281
1821302535
3317988575
5894242710
5894409997
2110194862
5894627469
5040241706
5391826810
5894241942
5894627007
2409336982
5894409202
2182851463
5894626620
5312695497
5894240561
1805423037
1865698673
5894407559
5894624877
3043882653
2769600653
2750488074
3963507892
2899056864
5894624044
5894623882
3115785713
5894405943
2995631987
5894238417
3333274980
5587428443
2462093900
5893973270
5893973014
5894237752
5894237655
5894237584
3281722655
5893972535
2824475120
5894404328
5894621802
5893971971
3880298179
2921736983
5893971532
2686297640
2091283271
5894403098
5268323176
5894402841
3224785712
5894620114
5893970375
3384996862
5894619836
5894234820
5894401963
5894619486
2435974837
5894619134
1561852673
5894401167
2166563755
5894233476
5185734549
5894400273
5893968116
5894617558
5893967783
5894399775
5894399585
5894232445
2265723324
5894616673
1766615857
2548607445
2734992324
5894616446
5894616431
5894398729
5185994737
5893966384
5894398312
5894231112
5894398202
3561798597
5894398141
5893965848
3280026341
5893965682
3975747204
5893965618
3279889015
2548383981
5894230398
5894615139
2362533437
2191377530
5894396717
1863927730
1826151290
5894613930
5894613804
5894396175
5894396119
3102423184
5894228657
2504972970
5360904574
1781724013
5894612044
5893962341
5893962286
5894227019
3278713660
3809991368
5894226175
5894393144
1660911035
5894225778
5894392736
3651033744
1935403045
5100198811
2797984545
2064193405
3325396912
2274356413
1896669822
3039712720
3922163270
2736508027
5605307835
3934989039
2403664834
2653621125
1620120711
3921894526
2011798133
5894388762
1873918663
1918469244
5889986587
3276386810
5889245821
5187783845
5190619213
5889984109
5187808942
5187862528
2132936463
5253288439
2440464704
3319666632
5220520118
3275980950
1740263693
5889980015
1840696312
3714237311
2029743614
5889979952
3049699081
2402460597
2269967167
3483367155
2652883351
5889979621
5504039203
5889033009
5889979093
2213486453
2473826732
3959354145
5894604755
5893954960
5893954947
2400789354
5894386828
2181369735
2619388065
2401664263
1812590290
5083697013
3164826825
5690127252
5473431283
5894604217
5894604151
5188563308
5894604004
5894219033
2832709840
2874427525
2190413935
2365645144
3921049148
1807440390
5893953948
1790052137
5893953902
5894218777
5135024197
5894385737
5894385727
5894603586
2473063051
5192022478
2642178841
5894385500
1773042882
2347801824
1938179972
5889209798
2775192757
5888983921
1956291174
3896957067
5881749551
3274163944
2686078693
2843213457
1822404793
1645240147
2399796227
5893952516
1975950084
2679227533
5888725161
1196445350
2845450784
5894384263
5189552467
2433494062
5888019061
1968239017
2871142325
2820057451
5893951967
5894601747
5888730371
2105397831
5894216736
5894601722
2302656457
5893951914
5894383881
1009780034
3919555335
5894383772
5894601554
5120813388
2398378673
2196497512
5894216391
1726577530
2773604815
5889420763
5888033108
1751425545
2840436284
5889741234
2630406390
2132857747
5025866763
5888033995
5894382797
5894600639
5893950885
1748899475
1253668595
2183900450
2095440372
1965718833
2348273684
5888036402
3247433824
2433779474
2037507587
2802522397
2648452432
1948816392
1908547087
2100689810
2480369487
2604281687
1910046181
2712145455
3844882513
1745980355
2140355705
5194785334
2685748747
2645588531
1764052377
5889577851
2130918627
2564854407
1977103062
2313936002
3952335312
1882256362
5889571930
1644123410
1611956542
1769582545
1909103295
1874478235
2217369140
3988051161
2474393787
5888184401
1770382673
1562671354
2007128141
2551797544
5200233355
5889649382
2141265141
1820479041
2669780343
3031274814
2082192423
2411335001
3249182223
2896099464
1819849895
2072538157
2507201262
2584741970
1933793695
3867495432
2275507150
2199720357
3260661190
1762240111
2006567845
1845184234
2177808974
3081627577
2682039974
2706851903
1700238560
5894598342
2390335675
2114223494
5894380368
5894213302
5893948490
2785040824
2415320164
2213860183
2713510753
2308741824
2239612590
1958893671
3855364528
5142485798
2131918241
2423866873
5894212749
1792205277
2855380157
2691852472
1837208481
1930097137
2249027481
3501653935
5894212217
5894597105
2296913585
2709286671
3199305702
3160027172
2697206753
2826449550
2273389012
2500793257
2992997224
5279534370
5894596682
1793889347
2603366707
2667936017
2043389287
3014794957
1807213110
5894378419
2181998534
5631848537
2778351635
5894378271
2676096983
5893946307
5894378131
3329145480
5894378036
5889468680
5894211072
5889787385
5888308969
3462771514
2892930641
5893946095
5889782439
5894377764
5894210747
3481773484
1810689975
2309074933
1629069414
2861787027
2378586070
5888296967
5894377574
5894377565
3708166863
2712723701
2553317117
5889455446
2992597230
2156676544
5893945478
3127541527
5894595217
2416781360
3038735995
1980453547
5199485891
1892747953
3622815715
5246031851
5894209684
1678380875
2593314042
3298560922
1914779767
2007137597
2482504700
3078336567
1777890547
2572158060
5894594070
5894376217
3502955533
5894593918
5894593879
1862780280
2358677237
1848815403
3674171394
5894593738
5073084070
5894208778
1904069517
5894375664
1670162037
2346951207
5894208624
5894375461
3685779751
3060770712
2787268910
3902793518
2563190472
5894593285
3638130823
2795267104
5894375296
1846603960
5894208318
5894375250
3556007567
5889744222
3311958905
2174389940
5893943348
2208833690
3208704850
5894593045
5894375157
5894208190
5026103481
5894375118
3020412017
5894375113
5894592991
5894208129
5893943222
3101405977
5893943214
2141113275
1721048537
5894374984
3909446115
2099997505
5894207991
3199898573
5894374899
1961462935
3906010310
5867826675
2004866371
1933156845
5894207814
5893739229
3563732447
5894592675
3221772160
5893942904
5893942905
3237993904
5893942721
5893110365
5894592649
5888261163
5894374736
1975022385
2318942334
3265580990
5894207630
2272437572
5894374635
3100893754
5894374606
5894207540
2097706840
5894207491
5893942609
5894207466
5893942589
5894592399
2270258610
5894374419
3264371503
2513026584
5893942482
3279005097
5894374374
5894374344
5893942438
5894592144
5894592280
2056292510
5894207327
5894207321
2077213885
5893942433
5889420795
2627664827
5894374312
5894592205
5894592212
5893942319
3888343243
5893942316
3384149672
1829203161
5894374125
5869326724
5894591986
5894374018
5894373969
2365594190
5894206950
3566962753
5894206882
5894373900
3180841405
2288587980
2876243962
1751175164
5893941891
5104579657
2809463100
5893941877
3564150640
2101704331
3714773474
5894206731
1765706450
5894206707
2923432805
5894591614
5894373584
5894591590
3916828480
5286064116
5894373585
3837448188
5894206603
1976041677
2418931215
5894373562
2851869264
2823614303
5894591469
2286188781
5894206505
5894373490
1774402367
5894591421
3645715015
2459794394
2707311957
3695988015
2732159281
2363899774
2173538782
2159688504
2269647552
2361166163
2267695244
2290319110
2629348835
5893941312
5894373171
2618183321
2988150134
5894206118
2951301710
1879679852
5894591068
2617172821
3292216227
5893941095
1909525561
5894205961
5894205951
2352066702
5237551864
2768846455
5894590826
2432408974
3790378837
5151513579
5888993764
5894590698
2705235784
1362023561
5893940886
1864824900
2644214663
5894205678
3227323644
3100400877
2168586255
2186128627
3316173624
2705642740
2734700547
1921113107
2836585094
2013193570
1247865450
1555879254
1828066924
5894590391
5894372378
2014793843
2826202130
1763147582
5893940438
5894372267
3497469291
2405285894
2995480062
1910108043
1880110573
2822687332
2610757615
1733110717
2479077311
3814912634
1584164317
3226194327
3823308819
3938132344
1923200017
2480616551
3104313823
2784361185
1862829941
2415158845
3322780884
3518432087
3233476430
2303973904
3535287343
1276233833
2730119567
2540416782
3203761942
1768890120
2267061064
2638492371
5894371478
1924410262
3831565165
2633864252
3790544482
5268912939
5893939504
5893939496
2322158412
2919575602
1820005687
5894371319
2163864677
1903714443
1785306211
2475204877
5894371181
2286629271
2826694824
2184849033
2455110553
5130884093
2245942882
1663765582
1656971543
5894370848
3007145210
5894203827
5894588759
1642375642
5894370719
3240264092
3037907581
5893938783
2634541591
5893938769
5894370567
1819667660
1761708590
1853307137
3842218790
3081561024
3563716777
2885090080
1729843484
5893938614
5894203508
2910343055
3573718970
3943439692
5893938398
5893938361
1900406493
5894203208
5894588234
2710284837
5894203227
2821025492
2270376864
3102667810
1788770022
2140774575
5894369894
3453337090
5893938111
5353719165
1904350903
3514625740
2681790563
5050951799
2321585781
5894587814
3188786311
5066731903
5893937875
5893937751
3044279667
5894202599
3356459902
2788405292
3914875377
5894202460
3040752441
5893937563
2466142064
5172037236
1866849625
5893937435
3226895951
5894369162
5888979833
5359256937
2040140625
3106934151
5894202205
5440682445
5894587157
5126959041
3679486841
3003019947
3034391253
3875859368
3767987055
1894849961
5894201918
5894201905
5894586838
2138292331
1804476860
2749240414
1731144337
1561540397
5514488919
3346420240
3101887754
1400935280
2839495574
1167789110
3794091724
2618026545
5893936637
2606968320
2663426073
5894368386
5894586497
5893936558
1830002090
2559807903
5894368313
3149221921
5894586431
5893936511
5894586415
1773725871
2954122773
2485386254
5893936399
2436118854
5894368085
5894586233
5894368103
1735719833
2305703670
1677007034
2705057253
3195072332
2986370065
2260716127
2209571254
2319940624
3101657435
5893936175
5888969149
5894201054
2088931453
5887275134
5894367869
3101645241
5050068967
5893936103
2082839683
2958325183
5894200938
5242012150
3897323809
2533245920
5894200775
2879904430
5894367648
2611686781
2803212205
5019137018
3336763482
5893935529
3101247901
2950489724
2608311333
5888293751
2740320964
5894366933
5893935145
1589281430
5888066262
3002714364
5894584790
5034056390
5190062055
1542714550
2088990927
2841427634
2061054673
5894366601
5228211971
1560654453
5889454355
1900838142
1553148181
1801406345
1878987517
5893934713
5894366431
5894366402
5251801589
1812612313
5252211634
3798021640
5893934555
5263261056
5894366263
3927903334
1999747963
3306608897
2090186682
5164954322
5894366108
1419055152
3098598913
3133990421
5265037296
5894199144
2628063413
5894365873
1819459623
5893934144
3100637953
3574010480
5894583831
3549172694
2682067391
5894365646
5894198881
1919052440
1760364422
5894583537
3913793589
5893933767
1965081377
2845998272
5894365230
5894198620
3215090213
5894198545
5894583231
5894365139
5893933416
5098977293
5893933410
2258795612
1667268697
1902640512
3060539131
5893933255
5894582920
3099737952
2087511731
5894198194
5201870039
5176404559
5894198048
5894198112
2713789653
2553266207
3099728514
5894198036
3912499642
5894364683
2440611305
3099707647
1711636270
1813496164
3216875050
2439159081
3099641742
5894364560
5894582528
5894197597
5894197633
3097834467
5894197447
1611654003
5894364275
5894197536
5893932461
1967691002
5894582205
5894197314
5894364128
3820628962
5894197258
2234381641
2435570840
5894363854
3929121504
2839919913
1919330635
3007018357
5894196886
2118655745
1440536173
3162951302
2151056911
1784362577
2093111723
5142580065
5894363253
5894363102
1582357702
3098985901
2201150562
3812476575
3339607104
1798599317
5894196144
5351327115
3098629331
2422189850
5894362661
2548522622
5018903027
3192964264
2021703947
5894195568
5017676932
5894195351
5894362143
3098002255
2193230707
5894195079
1866172080
3097894065
5894361741
1771782772
2494955872
3549032473
2154957151
3197618452
3640246790
2840463002
5893929881
2933102024
2112109084
2656997751
3194851783
5894361157
2470234795
3018393847
2560670074
2216181720
2152876030
2136308421
2840633277
2358575980
5894578912
1065155281
5894360799
5016114272
3324169602
3097395615
2946851344
5894193861
1790873641
5893928941
1886275657
1254834595
3026738832
3508716715
5132628300
3352991400
3027548271
3097376023
5893835390
5894193103
2841143421
2280997470
2661542435
2558359247
2553545981
1778892180
2465752094
1562857471
2752854391
2896065613
5892799170
2614081871
1808201162
5892798744
5643098992
1865402087
1916010333
3236810162
5894192584
2075601972
5892291220
5894192454
1931683290
5893927313
3247420464
5012772703
5012741610
5892990755
1937601285
5894191865
2188334204
5101046180
2253375252
2464149635
1611577534
2121474707
3216602330
3316524060
5894191302
1825950541
3876922829
2467078792
3096208335
2312618681
2789149573
2230088184
5893925886
5893833047
2926954335
2841873002
5894190575
5893626883
3557510360
2458783090
5062618158
3256625094
2598633021
3957514594
2521610737
1766647844
5893925144
1769837324
2465879235
2035901412
3721780242
5893626169
2465758831
2823730842
5893625810
5893831632
2214364757
1773850685
5893625599
2669290847
2237943890
5893831083
2862285774
5013984045
3509136334
2785089152
2907085782
3700031892
2870374790
2477558640
2449565751
5893923469
1783467182
5118228621
3031239122
1966150430
5893624514
3524825785
5893830216
5893829985
5894187943
2395572655
2642913271
5893624156
5606999326
5893829859
3175487795
1736905060
5893623855
3146644740
1923590487
5894187456
3137606127
5894187022
3571665750
3133788491
5893623475
5894187242
5893922304
2258743435
5894187137
1822784157
2966227131
5894187112
5893922156
3509266990
2503815154
3202620474
2763480344
5894186881
5893921974
5893921954
5893921897
5893828853
5894186726
3611358615
5893921753
5893622850
3169985253
5893921712
5894186571
5893622758
3025432911
5893921543
1614844877
3189777172
2230943833
5894186205
5213174833
5893828320
5893921224
3095399853
2479704161
5894185843
5894185751
2703061390
5893622030
2843234461
5894185736
5894185726
1711158364
3564628671
5893827718
1793981681
5893621852
3989398184
5894185530
2829249327
1897179353
5893920505
5893920478
3314840153
1806869602
1775635810
5893827253
5893827180
5894185062
5893920198
2017564663
2137902453
5893920081
5894184906
5893621066
5894184740
1712055064
5893826763
1707529887
5705256671
2100806677
5894184512
5893919694
5893919685
1952582521
3910718144
5893826383
5893826358
1082550554
3641903807
5893919217
2091326880
3560520267
3554676807
2621970677
5893825878
5894183757
5893825710
5893918854
2634430274
3368719592
2135738030
1051054600
2552868592
3517809235
5894183468
2126564054
3742342203
5893825403
2609491605
5893619667
3516648777
1871383372
5894183335
1973929312
2820353667
5612991978
1213239365
5893619480
2761543772
5893619334
3698965125
5894183046
1746555761
5893619263
5894182967
5893619311
2670407340
2417295415
1935695012
5893619259
2073262170
5893824642
3212082792
2362447170
1620737461
5894182787
1807038624
5893917920
5893824733
5893618999
5893824711
2503837740
2843528410
2972885262
5893917740
5489687360
1967766561
5893824468
1900958027
5893917504
2017025777
5893824269
5104318720
1889021915
2517317700
5893824127
1864891741
5893618313
3292970884
1737608291
5894181929
3903586996
3603640271
3190893652
5894181958
5894181876
5893618161
3156587015
3286378112
5893618110
5893916742
1956807435
2837169244
5892408285
5894181807
3969602478
5893823712
3262921045
2842431174
5894181688
2428051264
5886195418
1837752644
5894181514
3961917560
5893916581
3698491547
5894181489
3341811114
3854236807
5893916526
2385780223
2106995414
3048682417
5893916459
2706231317
2779790404
5893916425
5893617519
5894181272
5893823185
5894181257
2659773220
3428386214
2080584921
2746845244
5542535404
5893916243
2771016230
5893617302
2661793791
2619287015
5888444496
3094680413
2808425444
5893822963
3777215357
5893617094
2720453611
2660051491
2775353327
3925219874
2819795211
2925653773
3177538095
5893915872
3265141940
5894180777
1787106555
5189152945
2248721683
5893616863
1797235104
5893616798
5616090254
1850011267
3094609357
5205129401
1180347921
3155325854
5893915519
2142326053
5888445403
5894180287
5893915373
5878948666
1145192235
1349101180
2401992193
3427309034
2690436370
5893616245
3847149613
1217911453
5616311828
3223495587
3930618378
5893915017
5894179782
5893914902
5894179677
1802638124
2758452550
2813520402
1874529885
2897692157
5893914632
3926983525
5893821514
5894179553
3661477290
5893615586
5894179357
3091442323
5894179361
5894179315
5618173502
5891207334
5893821213
2210447457
1184994833
1954819207
2096458312
3940001025
2155915185
3829848957
1885338582
5893615102
5120829067
1889215044
3567981303
5893820236
2128963305
1787585230
5893614864
2985945807
1738515901
3951619134
1541495367
5893913628
2374522844
5893614684
5893913496
5289229968
3497556573
5893913477
3094157495
3025039957
2684713800
5893820130
5893820106
3557085611
5893820116
2864615802
5893820007
2748023755
2673849743
5699458174
5893614254
2015658203
2283680892
3584398123
5894177808
5893912916
3293233034
2928532945
5893613953
3479840651
5094882899
5894176960
3757806031
5893911763
2546197650
1983598492
5893818418
1144093634
3579443147
5893911572
1886146290
3881203570
1584843297
2656545187
5893818125
5893911393
2284019483
1267315991
1821742791
5781081879
5893612341
5893911183
2097345115
5893612303
5201385105
3093568224
5060712977
1869721955
2889696173
2489236921
3678103713
3106223813
1835778660
5893611796
3854821286
1946986113
3877663502
3352084892
3593264703
5894175035
5893816929
5894174992
1813344332
5893611092
2058995094
3512859982
1177607860
1780645291
1175389107
1151916401
3024144822
5894174433
2328722502
5893909581
3122083425
3893621044
2882435852
2537625412
5893909501
3619263575
1115861830
2624972941
3129755143
3957028455
3227936164
3909395794
3460807700
3106917801
3904902354
3754918324
5075021461
2300316310
2083423991
2098453673
2713679264
3477764470
3023972737
2001093945
5893609728
3023956125
1910228925
2170210850
3701522495
5893908502
5893609574
5326946934
1988152853
3909212815
2786275515
1969132093
3324180012
2773117237
2695636500
5893814742
1250444655
1804230043
3886334133
2815659362
3023586793
2489930262
1831504484
2536611822
1830290542
2171469677
3882582096
2695312871
3558432692
3311411443
2022386764
5893907088
2119725240
1852854344
5893607908
2163932651
3824630602
2508119860
5894171597
5893607794
3023287740
3607601252
2955277302
2869364022
1850318007
3458738640
2442596577
2794844284
3412648610
2626580525
5893906041
3171012937
1570456323
2694625242
3204360964
2736413733
3220049977
5893905669
1497902095
5893812354
1858615342
2400669365
3383703852
1749560694
3593560794
2709149915
3586282227
3894638259
2280420207
3066071503
3920237262
3171125921
5893811637
2954010875
1678527712
3059918317
3783466882
2127611331
2822364697
2026442963
2533718767
5869530219
3792021737
2252914793
2695453983
2128910351
2624386871
2061322384
2816269333
1723162661
2194096095
3652084647
5476439812
5105115085
2891937965
3287515301
2404253287
5893605230
3121581412
2275960591
2957930994
5012851308
5894168859
5096926421
3684600002
1751869541
2836693073
1998413811
2238391784
3628031430
5893604795
2715766384
5403398912
2518458692
1900129123
1807605825
1648452100
2805482452
1139152081
5627194889
1594739645
5132374390
1750659440
1853078212
1800508510
5076057081
1865381164
2697482511
3063678974
2244773745
5893903129
3091809527
3257486440
2929748201
2012011660
2721640303
3630616861
2232448460
5120878368
1294991027
2396630714
5893809288
2418535162
3504159537
2823248785
5235599359
2963279487
2882735664
2141310387
2447426632
3597118635
3464007262
1935509820
5578149048
3428748654
2663701653
1600405822
2140292905
3040992915
1729057802
3091572111
1941336784
5893808446
5893602832
2611708231
2308499290
5893901720
5893808362
3874780911
1914170015
5893602592
2947612792
5057739069
2158397147
2062204083
2208439012
1197604934
5551630954
3572923167
5186352568
3085168535
2301800472
3315350055
1960006921
2137100593
3069476251
3022170233
1206168917
2503996455
2083902365
1769562587
5631303786
1668029973
1679950803
3122683161
2656230451
3390156614
3982947891
2594802365
1873085764
1508953300
5893900655
3913470335
2663949413
3198383017
5893807158
5501110261
2255301045
1800261660
3514941964
2782020097
2506763122
3753867327
3968333213
2394981902
1253499707
3162713305
5113004392
2139093270
3174345305
1942980494
3167326502
3107137237
1979936455
3927532389
5103121569
3889819723
5294981859
3128074612
5893899378
2475434627
1744884082
2474525344
2370205971
2719557741
2544288560
2475478595
3971008116
2887910577
2554630983
2485792905
3118103822
2673614161
2708559577
5893899185
2805375702
5310176354
3079468623
2879092923
2625996095
3200423554
1597165494
2886460434
3209430677
2010876701
3955677808
3966350956
3091141311
3982288314
5893898901
3407085060
2891131421
5893599899
3971792300
2659761155
3148611575
3805865821
5894163547
3027530397
2718871507
3224645414
2082258495
5893599466
3612354524
3083640905
2705461037
2950927880
5893599341
5277137860
3974305914
2928697735
5233645851
5030877691
3071332841
5018090743
5151720517
5229925526
2879779157
1775001335
5893599092
2641324465
2493891631
5051637176
2716963051
2668736075
3992791592
2726464653
2741275777
3800363531
3971635894
3180353864
3921049293
2368665657
2782584970
3968377006
1678403751
2843274351
2802826947
2795708971
3018575331
2656424122
2189388155
5893598655
2899470867
2886823203
2740769372
3797323280
2307473457
3990336547
1840641695
2836012520
2731351805
2906248411
2882358072
2979664921
5893804222
3024067382
3088621253
2646768595
2740198181
2547894490
2800267385
2262463802
5096560407
3165093343
2868960452
2798792635
1989413971
2618948023
2023629187
2618659647
2741413101
2957990211
3206560301
2335459150
2931944272
2143477825
3903520596
5376095169
1978872845
5893897291
2882314905
2897698391
3820794149
2693644274
3202414663
2685536565
3958020870
1874081424
5889656732
1849991820
1804503881
2880314557
2932001464
2880158041
1637570463
2022100060
2867086840
2244792445
2940577153
2558122940
3090609294
3322137550
5893803380
2541326347
5893803312
3779561915
2312041361
5893803270
3134919557
3981165041
3980113177
5893803256
5893803257
2649076610
2480990180
5016801166
2897832845
3158433727
2918359655
3266706292
2932752987
3899773621
3772019594
5013614135
5658395799
3054698465
2440551995
5894161118
3981617587
5893597155
5248886297
3021079535
3560896663
3975421948
2844757597
2244230533
3147773202
5893597116
5893597069
2881967521
5238005140
3238539630
3978058469
5893597064
2898368387
2878497025
5151138488
2363256944
5893596903
2660742497
1841827715
5448382035
2055372665
2881225371
2898296481
5072140801
3041629411
2307256657
2242009521
1198200585
2847992905
5657865789
2609002577
1776058311
3166056422
2452560191
5101028011
5893596706
5893895694
3971321733
2974064367
1745311805
2565543617
2545653803
2848779661
3145367171
2307539943
2891369625
3228766182
1724647815
5893802126
2720674873
3285467963
2938060965
3140876577
1782749670
2678600403
3066372435
5893895289
2117777997
2792506183
5256517537
3893501611
1689001352
3443963574
3993035512
5893801766
5712732207
5038991607
2879308531
5893895095
2832400280
2676838131
2894565283
5135632001
3203789142
5889656628
3142917627
3966805801
1749112537
2922417910
5659303071
2889234457
2433930130
3966450113
3972264410
5192695633
1615371131
3318167821
2708418431
2881560421
1649542533
3038675033
3159221901
2703297487
5258842990
5893801517
3977695643
5523606755
3983476651
5893595722
3631031685
5657572586
5353717944
3971978609
1803090307
3798869403
2553650062
5377676316
2881706031
2771318641
2568904903
2902503463
5893595533
5031067429
1809030532
5024200615
5894159460
2931963024
2543959871
2695686145
3984801341
3940994587
1995571505
2708750192
3553092357
3317203141
3626349651
2219172525
2691025401
2384755053
2928681925
3993733987
2008511403
2176506520
5893894257
2652808577
2900354121
5889657808
5188564961
2897922527
5893801029
5894159253
5893800977
3484068671
5893800996
3935856431
2887394402
3056859047
5894159115
2899597967
2836563757
2937690961
2844916087
3986541607
5893800876
1891497414
5022863622
3770005193
3419154714
2297556412
3097614242
1842287822
3127283443
5893595041
2929400281
3298689971
5105770324
3296934305
2899257765
5128086444
5894158905
5463457356
3202071373
3969668126
3126907733
1877626175
3972049736
2899150927
3970440546
2324623390
2823815020
5893894030
5256602365
5894158897
3921755854
2927917897
3986260024
3153217213
2615099077
5893594819
5883334640
2795632941
2945260145
2889020965
3974432160
5042052981
3968208278
5534005292
2997486224
2882373003
2883085377
3993569055
5894158533
3982004817
5889032532
1416316784
5657564551
2880374801
3965425948
2054147385
2058124334
3137692524
2314814175
2741649291
2625762592
5258508360
2423726997
2528721955
3075909877
3795533270
5850914254
3968919409
2104199903
2371559674
2391101837
3723410801
3770012510
5360037901
3917237073
2529074925
3133074423
1843191913
3501739904
3258819520
5893893530
1587832464
2601522443
3967011139
5015992984
3991995614
5128226283
3672207802
2232709797
2952979591
2476400731
3966814093
2896750901
2575486691
1144147751
2241725813
2759401277
5021440088
2172711735
3174769560
5128352065
2841395415
3983738767
2167804025
3164456403
5256481000
3055675455
2612671875
2117170933
3121639207
3032886715
3149309191
5889033053
3056394837
3632173823
2883543057
1440757463
2833244587
3089734661
3991353374
2881816243
2847223087
2083813431
3909749411
5893893028
1842307234
1251407194
3985650585
3187731814
2310752607
2691067144
5652353438
3429189534
3968415552
2011490614
5424917916
1730440773
3156510077
2185123511
2804173341
1789344410
3479509067
2722113893
2684590115
5643376182
2830329365
3993336027
5893593552
5893892662
5893892691
5889992480
3980578938
2287865467
1862459514
3292392225
3966859288
5893799328
3955823624
3972158423
5893593456
1726462733
2529678043
5021697678
3991128855
2677986061
3490845412
2205201815
5132360476
2352586654
5893799093
1702088331
5893593257
3124282960
1047981785
3020469957
1773739424
5342322462
2831152230
3147647815
5572784642
3316872175
2680199317
5893798964
3086690761
5073038811
3980095039
5893592881
1348706450
3065845147
5893798831
5893592913
2628179813
2653536703
5017291754
2358609131
5893798645
5174096234
1265858625
5894156742
3898124785
5893891880
5893592596
2258404081
5181217933
3968243986
2843980011
3703829131
5893891798
5893798335
5893891679
2246342613
5893592383
3953647735
3990899623
3077409861
2823828805
3283274003
5893592292
2457419057
3639938453
5893592262
3602887145
2810848053
3983012269
2387759641
5893592185
5189315888
3516671460
3876231193
5893798073
2099613520
5893592007
2882620783
2718067725
3183641482
2887577425
2910938404
2245738182
2630906411
5893591852
2476610952
2797043905
3207942361
5650568256
1210766842
5889038638
3501326234
2355807945
5894155847
3507944454
2771203863
2898507507
1899381872
2681042137
2674794544
3305885321
1007972943
5042845441
2784304667
1087230410
2964687440
3120530847
1626369497
5889666386
2126245901
2240395174
3547340037
2103929837
2799072042
3982218634
5112010814
2482434191
1600959094
3171084527
2834050721
2172204305
2871103793
3317937835
3896143872
3966550174
2672919663
5894155344
2879773817
3994996019
5161377262
3211948151
2738244750
2853107425
3626057361
5894155110
1072829775
3982382194
2976209543
5258186647
1856320991
3969140037
5893796797
5894155009
2383072140
2656285275
2748941703
3492223950
5889671651
2061747775
1805784491
2185106743
2810827787
1838200497
2456768792
2336903511
2320389027
3072921725
2405548731
5893796415
1783946605
3114270031
2602832412
1665537990
2586702960
1549605097
1809963130
3968195055
3989713351
2626157913
5258547367
5894154342
5624167786
3320302852
2924767803
2844699205
5893796113
2676772404
1763151064
2908081750
5893590244
3113308711
5103613307
5893796000
2982377214
5893889322
2979867337
5894154162
3907217720
2501850222
3944835696
5893889255
